6.0	0.0
5.981994112086938	0.03261279755989813
5.963984494018775	0.06522353638041486
5.945967416349124	0.09783015643904347
5.927939151049761	0.13043059514743144
5.909895972221546	0.16302278606947135
5.89183415680753	0.19560465764060997
5.873749985309011	0.22817413188878347
5.855639742505241	0.26072912315739083
5.837499718177526	0.29326753683071954
5.819326207838447	0.32578726806224045
5.801115513466923	0.35828620050619264
5.7828639442498355	0.39076220505288844
5.764567817330941	0.42321313856816484
5.746223458567779	0.45563684263742305
5.7278272032972914	0.48803114231469724
5.709375397110863	0.5203938448772059
5.69086439663948	0.5527227385858424
5.672290570349716	0.5850155914520687
5.653650299351223	0.6172701500116956
5.634939978216426	0.6494841381060231
5.616156015813112	0.6816552556708435
5.597294836150555	0.7137811775338061
5.578352879239891	0.7458595522206608
5.5593266019693655	0.777888000770908
5.540212478995127	0.8098641155633907
5.521007003648203	0.8417854591523795
5.5017066888583095	0.8736495631147155
5.48230806809509	0.905453926908589
5.462807696327441	0.9371960167445373
5.443202151001501	0.9688732644692772
5.423488033037913	1.0004830664629814
5.40366196784894	1.032022782550638
5.383720606376022	1.0634897349281482
5.363660626148302	1.0948812071038168
5.3434787323627155	1.126194442855927
5.323171658986132	1.1574266452070971
5.302736169880105	1.1885749754161368
5.282169059948715	1.2196365519881291
5.2614671563099975	1.2506084497035057
5.240627319491444	1.2814876986668653
5.219646444650008	1.3122712833763468
5.198521462817087	1.3429561418143443
5.177249342168867	1.373539164560404
5.1558270893224565	1.4040171939271426
5.134251750658185	1.434387023120058
5.112520413668424	1.4646453954221101
5.090630208333268	1.494789003403984
5.068578308523401	1.5248144881609635
5.046361933430439	1.5547184385773474
5.023978349025021	1.584497390619389
5.001424869542886	1.614147826657743
4.978698858999167	1.6436661748204175
4.955797732731086	1.6730488083772752
4.932718958969225	1.702292045157111
4.909460060437498	1.7313921469984026
4.886018615981939	1.760345319234796
4.862392262228391	1.7891477102164515
4.838578695269108	1.8177954108683863
4.814575672378339	1.846284454286939
4.790381013756804	1.8746108153755565
4.765992604305077	1.902770410521072
4.741408395425717	1.9307590973116984
4.716626406854079	1.9585726742979417
4.691644728517592	1.986206880797718
4.6664615224233215	2.0136573967469085
4.641075024573567	2.0409198425966477
4.61548354690921	2.067989779258644
4.589685479280471	2.0948627080998543
4.563679291444704	2.121534070987847
4.537463535090842	2.147999250388186
4.511036845889954	2.174253569515233
4.484397945571504	2.2002922925377066
4.457545644024652	2.2261106248404303
4.430478841424043	2.2517037133436477
4.403196530379429	2.2770666468813205
4.3756977981083525	2.3021944566398655
4.347981828631195	2.3270821166587288
4.320047904987722	2.351724544394271
4.291895411474261	2.376116601348404
4.2635238359005685	2.400253093763448
4.234932771865412	2.424128773384663
4.206121921049796	2.447738338291926
4.177091095526724	2.4710764338020352
4.1478402200863265	2.4941376534430937
4.11836933457509	2.5169165400024687
4.088678596247929	2.5394075866497734
4.05876828213169	2.5616052381363477
4.028638791398679	2.583503892072692
3.998290647748682	2.605097900285313
3.9677245017979486	2.6263815702544266
3.936941133473442	2.647349166633937
3.905941454410711	2.6679949128551144
3.8747265103535113	2.688312992815397
3.843297483553423	2.708297552653666
3.811655695167434	2.727942702613395
3.779802607651553	2.747242518994989
3.747739827148351	2.766191046198661
3.7154691058662426	2.78478229885911
3.6829923444483326	2.803010264073293
3.6503115943284667	2.8208689037224977
3.617429060072123	2.838352156889927
3.584347101699647	2.855453942374955
3.5510682369893374	2.872168161305159
3.5175951437576813	2.8884886998472235
3.483930662114097	2.9044094320177183
3.4500777966873635	2.9199242225947613
3.416039718820868	2.935026930131464
3.3818197687337275	2.9497114100720467
3.347421457644774	2.963971517971429
3.312848469856259	2.977801112819047
3.2781046647941103	2.9911940604675644
3.2431940790014746	3.004144237167119
3.2081209280821725	3.0166455332056192
3.172889608590667	3.0286918566555547
3.1375046998650173	3.04027713722771
3.1019709657992487	3.051395330232077
3.0662933565514456	3.0620404206461758
3.0304770101838914	3.0722064272908876
2.9945272542313814	3.0818874071138187
2.95844960719385	3.091077459580153
2.9222497799493654	3.099770731170743
2.885933677083445	3.107961419987195
2.8495073981306063	3.115643780463528
2.812977238724	3.1228121281838614
2.776349691648876	3.129460844805519
2.7396314477956034	3.135584383086762
2.702829397007905	3.1411772720182434
2.665950628821902	3.1462341220571455
2.629002433091472	3.1507496304628675
2.591992300495463	3.1547185867328746
2.5549279229221495	3.158135878137331
2.51781719372637	3.1609964953508074
2.4806682078546674	3.163295538179383
2.4434892618337614	3.1650282213811374
2.4062888536176192	3.1661898805779938
2.369075682288404	3.1667759782565916
2.3318586476065093	3.1667821098558067
2.2946468494048746	3.1662040099382622
2.257449586822796	3.165037558443058
2.2202763573743995	3.1632787870167247
2.183136855846949	3.160923885419235
2.146040973024178	3.1579692080017123
2.1089987942297963	3.154411280252268
2.072020597686415	3.1502468054062023
2.035116852685037	3.1454726711166234
1.9982982175604223	3.1400859561812666
1.961575537467514	3.1340839373211926
1.9249598419543261	3.127464096006688
1.888462342326548	3.120224125325614
1.8520944287993668	3.112361936889126
1.8158676674318848	3.103875667769528
1.7797937968397637	3.094763687464734
1.7438847246816147	3.085024604883677
1.7081525239149231	3.0746572753466723
1.6726094288172204	3.063660807594573
1.63726783076849	3.052034570800318
1.6021402737907415	3.0397782015761883
1.567239449840942	3.026891610969943
1.5325781938535403	3.013374991442657
1.498169478529003	2.999228823820948
1.4640264088649504	2.984453884215952
1.4301622164265613	2.9690512509012583
1.396590253353203	2.9530223111416953
1.3633239860983197	2.9363687679646766
1.3303769888999009	2.9190926468655567
1.2977629369789803	2.9011963024382097
1.2654955994638666	2.8826824249218483
1.233588832038075	2.8635540466547953
1.2020565693100682	2.843814548425791
1.170912816903292	2.8234676657130993
1.1401716432651625	2.8025174948015272
1.1098471711939535	2.780968498767224
1.0799535690828872	2.7588255133199127
1.0505050418809478	2.7360937524920232
1.0215158217702864	2.7127788141639453
0.9930001585604353	2.688886685414511
0.9649723097998475	2.6644237476855235
0.9374465306056692	2.639396781749066
0.9104370632129601	2.613812972466085
0.8839581262450285	2.587679913324588
0.8580239037068687	2.5610056107456947
0.8326485337041287	2.5337984881455453
0.8078460968904491	2.506067389741024
0.7836306046464099	2.477821584087047
0.7600159869938024	2.449070767333143
0.7370160802493562	2.4198250661868603
0.7146446144225491	2.3900950405715156
0.6929152003625765	2.3598916859656947
0.6718413166600321	2.3292264354118557
0.6514362963094129	2.2981111611813563
0.6317133131389667	2.2665581760831786
0.6126853680150193	2.234580234403609
0.5943652748283856	2.2021905324641784
0.5767656462710287	2.1694027087851167
0.5598988794116737	2.1362308438416697
0.5437771410796488	2.1026894594006835
0.5284123530667868	2.068793517424903
0.5138161771577803	2.034558418532569
0.5	2.0
