6.0	0.0
5.9692532989828315	0.05151217384179169
5.938496670354838	0.10301848004992784
5.907720189902761	0.15451304530229326
5.876913940213954	0.205989984903096
5.846068014090386	0.2574433971041432
5.815172517979072	0.30886735743587335
5.784217575424384	0.36025591305143295
5.753193330547678	0.4116030770871124
5.722089951559657	0.46290282304249364
5.690897634310848	0.5141490791837058
5.659606605885562	0.5653357229732344
5.628207128244654	0.6164565755297916
5.596689501922348	0.6675053961218139
5.5650440697823935	0.7184758766982324
5.533261220838699	0.7693616364602347
5.501331394145595	0.8201562164778234
5.469245082762781	0.8708530743550746
5.436992837799959	0.9214455789480906
5.40456527254607	0.9719270051397499
5.371953066687998	1.0222905286754735
5.339146970623479	1.0725292210643391
5.306137809872911	1.1226360445499977
5.272916489594618	1.1726038471559879
5.239473999208055	1.2224253578101631
5.205801417129294	1.2720931815531045
5.171889915623051	1.3215997948355231
5.137730765775352	1.3709375409098254
5.103315342590836	1.4200986253211516
5.068635130218511	1.4690751115033769
5.033681727309684	1.5178589164857208
4.998446852511574	1.5664418067157826
4.962922350099982	1.6148153940049936
4.927100195754216	1.6629711316026596
4.890972502477263	1.7109003104049392
4.854531526664028	1.7585940553052972
4.8177696743202425	1.8060433216931497
4.780679507434438	1.8532388921076066
4.743253750505138	1.900171373053422
4.705485297225218	1.9468311919864294
4.667367217325091	1.9932085944759546
4.6288927635761645	2.0392936415518785
4.590055378955706	2.085076207244215
4.550848703973995	2.130545976323278
4.51126658416432	2.175692442248678
4.471303077736118	2.2205049053355994
4.430952463391172	2.2649724711469847
4.390209248302495	2.3090840491204454
4.3490681762551535	2.352828351438898
4.3075242359479615	2.396193892154096
4.265572669454535	2.4391689865724153
4.223208980841876	2.481741750912403
4.180428944944226	2.5239001022437653
4.137228616289479	2.5656317587176436
4.093604338175075	2.6069242400981367
4.049552751889784	2.6477648686052073
4.005070806077386	2.6881407700792175
3.960155766237718	2.7280388754774547
3.9148052243601246	2.7674459227131294
3.8690171086837704	2.806348458847429
3.822789693578847	2.844732842645267
3.7761216095420425	2.882585247505476
3.7290118532992382	2.9198916647762028
3.6814597980076664	2.956637907466362
3.63346520354932	2.992809614363961
3.5850282269067266	3.0283922545721698
3.536149432611605	3.063371132473966
3.486829803256308	3.097731393136147
3.437070750057287	3.131458028163477
3.386874123459207	3.164535882013623
3.336242223767596	3.196949658783455
3.2851778117973343	3.228683929477148
3.233684119523488	3.25972313976638
3.1817648607203637	3.2900516182527455
3.129424241573915	3.3196535852422784
3.0766669712519095	3.3485131620417454
3.023498272415531	3.3766143807861417
2.9699238916553314	3.40394119480645
2.915950109833749	3.4304774895464587
2.861583752315531	3.4562070940370324
2.8068321990668172	3.4811137929358225
2.751703394602681	3.505181339139987
2.6962058577622843	3.528393466978987
2.6403486912899554	3.55073390599403
2.584141591199794	3.5721863953101436
2.527594855900529	3.5927346986062965
2.4707193950566904	3.612362619688316
2.413526738161347	3.6310540186686553
2.356029042794841	3.6487928287563767
2.298239102543322	3.6655630736598637
2.2401703545500213	3.6813488856040255
2.1818368866715536	3.6961345239628165
2.1232534442107482	3.7099043945070225
2.064435436196896	3.7226430692662476
2.00539894118353	3.7343353070030263
1.9461607125332412	3.74496607429594
1.8867381831584007	3.7545205672274093
1.8271494696860122	3.762984233670749
1.7674133760143729	3.7703427961697624
1.7075493962286457	3.77658227540289
1.6475777168419432	3.7816890142225956
1.5875192183280369	3.7856497022592697
1.527395475911387	3.7884514010774635
1.4672287595797897	3.790081569870784
1.4070420332845508	3.790528091680229
1.3468589532929185	3.7897793001190996
1.2867038656571115	3.7878240065860003
1.2266018027642414	3.784651527945712
1.1665784789312488	3.780251714655925
1.1066602850088714	3.7746149793160937
1.0468742819588286	3.7677323256126742
0.9872481933683126	3.7595953776332656
0.9278103968662066	3.7501964095200444
0.8685899144055842	3.739528375431039
0.8096164013774629	3.727584939775645
0.7509201345211656	3.7143605076887516
0.692531998597139	3.6998502557057424
0.6344834717887933	3.6840501625984317
0.5768066098004754	3.666957040329904
0.5195340286197263	3.648568565083929
0.4626988859126788	3.628883308322474
0.4063348610226658	3.6079007678225192
0.35047613354320184	3.585621398641189
0.29515736043774776	3.562046643955857
0.24041365168017848	3.53717896572366
0.1862805443912654	3.5110218751025988
0.13279397544829585	3.4835799625740003
0.07999025254664538	3.454858927704011
0.027906023694105997	3.42486560847942
-0.023421754879159984	3.3936080101509223
-0.07395585240994862	3.3610953335147533
-0.12365879890314346	3.327338002561397
-0.17249292205471534	3.2923476914180236
-0.22042038580383672	3.2561373505091766
-0.267403230518779	3.2187212318582454
-0.31340341481799605	3.1801149134503044
-0.3583828590249354	3.1403353225750275
-0.4023034902516178	3.09940075806658
-0.4451272891027047	3.0573309113557268
-0.48681633798813095	3.014146886247742
-0.5273328710286158	2.969871217338297
-0.566639325534469	2.9245278869780447
-0.6046983950339992	2.8781423406954847
-0.6414730838236711	2.830741500986503
-0.6769267630077138	2.7823537793781226
-0.7110232279904043	2.7330090866731664
-0.7437267573796005	2.682738841281956
-0.7750021732552081	2.6315759755467356
-0.8048149027514215	2.579554939964313
-0.8331310408964461	2.5267117052123247
-0.859917414648204	2.4730837618848276
-0.8851416480592693	2.4187101178432457
-0.9087722284987496	2.3636312930894734
-0.9307785738534067	2.307889312068744
-0.9511311006245986	2.251527693311174
-0.9698012928319741	2.194591436322238
-0.9867617716290162	2.1371270056342904
-1.001986365529726	2.0791823119331747
-1.0154501811398324	2.0208066901763937
-1.0271296742799212	1.9620508746219385
-1.0370027213820254	1.902966970689876
-1.0450486910351326	1.8436084235821082
-1.0512485155492044	1.7840299835894382
-1.0555847624012502	1.7242876680190142
-1.0580417054212337	1.6644387196797275
-1.0586053955695895	1.6045415618678018
-1.057263731152517	1.5446557498000302
-1.054006527315389	1.4848419184475607
-1.048825584649217	1.4251617267291206
-1.0417147567395446	1.3656777980288146
-1.0326700164820268	1.3064536570103353
-1.0216895209837604	1.2475536627066028
-1.008773674864651	1.1890429378712164
-0.9939251917684233	1.1309872945861272
-0.9771491538885186	1.0734531561281668
-0.9584530693100719	1.0165074751058023
-0.93784692696528	0.9602176478865969
-0.9153432489961482	0.9046514253452538
-0.8909571403154466	0.8498768199721338
-0.8647063351540103	0.7959620093922416
-0.8366112403803312	0.7429752363553795
-0.8066949753764794	0.6909847052690987
-0.7749834082530986	0.6400584753573694
-0.7415051881854016	0.5902643505395823
-0.7062917736517464	0.541669766136385
-0.6693774563566848	0.49434167252112204
-0.6307993806212346	0.44834641584818224
-0.5905975580245659	0.40374961600224224
-0.5488148770834931	0.36061604192550323
-0.5054971077589165	0.3190094844930831
-0.46069290058191736	0.2789926271201649
-0.41445378019643186	0.24062691429795013
-0.36683413312042834	0.20397241826910528
-0.3178911895333245	0.16908770406702256
-0.2676849989039356	0.1360296931569539
-0.21627839928068937	0.10485352593076747
-0.16373698007404336	0.07561242332070417
-0.11012903817022313	0.04835754781112844
-0.05552552722535875	0.023137864140611364
8.881784197001252e-16	-3.3306690738754696e-16
